25828506
51481644
71259171
93355035
141730341
144985006
156873882
159477349
175596672
213922293
238340041
242845060
256853050
257109149
277898473
283373939
286126589
292169914
359062590
359232184
380943878
407123800
469927459
478635927
494385228
574313863
576350541
614714169
619666103
626801341
640270910
649743821
661603425
701145482
711888176
725557804
731959431
804751065
884750833
892947242
927642294
938924967
993762859
1007095106
1033925141
1052949790
1056630811
1078354277
1088629191
1104182783
1140110835
1169869925
1175655483
1183458879
1192485189
1233183072
1234117612
1252179426
1264225863
1283664908
1286014014
1286874478
1321199337
1329317461
1346241755
1358203968
1379102618
1415693401
1423703212
1441622904
1476028132
1542903598
1560164048
1617442659
1649904916
1662412648
1680556262
1718969411
1753829416
1756788275
1793339327
1815926393
1826493289
1828850269
1856972010
1862364556
1888244957
1891832069
1906795378
1916265625
1932616230
1945268333
1974620990
1991874758
2031339559
2035359505
2078032001
2102052982
2109010692
2131364325
25828506
51481644
71259171
93355035
141730341
144985006
156873882
159477349
175596672
213922293
238340041
242845060
256853050
257109149
277898473
283373939
286126589
292169914
359062590
359232184
380943878
407123800
469927459
478635927
494385228
574313863
576350541
614714169
619666103
626801341
640270910
649743821
661603425
701145482
711888176
725557804
731959431
804751065
884750833
892947242
927642294
938924967
993762859
1007095106
1033925141
1052949790
1056630811
1078354277
1088629191
1104182783
1140110835
1169869925
1175655483
1183458879
1192485189
1233183072
1234117612
1252179426
1264225863
1283664908
1286014014
1286874478
1321199337
1329317461
1346241755
1358203968
1379102618
1415693401
1423703212
1441622904
1476028132
1542903598
1560164048
1617442659
1649904916
1662412648
1680556262
1718969411
1753829416
1756788275
1793339327
1815926393
1826493289
1828850269
1856972010
1862364556
1888244957
1891832069
1906795378
1916265625
1932616230
1945268333
1974620990
1991874758
2031339559
2035359505
2078032001
2102052982
2109010692
2131364325
