39380903
39380903
40102991
40102991
45798295
45798295
48683333
48683333
71491829
71491829
80149609
80149609
91379211
91379211
93964829
93964829
110311375
110311375
123003147
123003147
131290602
131290602
131847418
131847418
138242347
138242347
153657449
153657449
185344040
185344040
247953480
247953480
296511157
296511157
300185940
300185940
308347187
308347187
314496146
314496146
319437795
319437795
346727589
346727589
367050778
367050778
406431682
406431682
461505607
461505607
475231303
475231303
484198684
484198684
486511264
486511264
491973177
491973177
513895408
513895408
514417017
514417017
523579587
523579587
642833801
642833801
735170462
735170462
772449656
772449656
774275277
774275277
801545036
801545036
806469323
806469323
842025611
842025611
850228370
850228370
861443609
861443609
874889118
874889118
913110116
913110116
925508237
925508237
930011269
930011269
945304162
945304162
968532619
968532619
970378452
970378452
975922624
975922624
990403948
990403948
997293751
997293751
1030379503
1030379503
1036303519
1036303519
1048249014
1048249014
1070482494
1070482494
1106655264
1106655264
1115120261
1115120261
1157250818
1157250818
1195926916
1195926916
1208171198
1208171198
1218331932
1218331932
1232547911
1232547911
1296202494
1296202494
1299550409
1299550409
1304728976
1304728976
1312697520
1312697520
1324954634
1324954634
1353266012
1353266012
1361828647
1361828647
1420832287
1420832287
1439697488
1439697488
1484894449
1484894449
1491508360
1491508360
1511534822
1511534822
1513983535
1513983535
1561457063
1561457063
1632311003
1632311003
1644547845
1644547845
1687385393
1687385393
1702688965
1702688965
1710077551
1710077551
1732464213
1732464213
1755972376
1755972376
1758760885
1758760885
1767533848
1767533848
1774180795
1774180795
1793241636
1793241636
1811672295
1811672295
1813000341
1813000341
1880930541
1880930541
1892135270
1892135270
1898824450
1898824450
1989214838
1989214838
1998789857
1998789857
2064319563
2064319563
2085147177
2085147177
2115289602
2115289602
2117708400
2117708400
2125250168
2125250168
2133173442
2133173442
