993762859
614714169
1233183072
2131364325
1056630811
380943878
1756788275
619666103
1183458879
701145482
257109149
1828850269
156873882
93355035
478635927
407123800
1649904916
938924967
1753829416
1542903598
1441622904
1793339327
661603425
2031339559
1932616230
2109010692
804751065
1007095106
1329317461
1891832069
242845060
175596672
359062590
1476028132
159477349
1415693401
1856972010
1916265625
2035359505
892947242
469927459
144985006
574313863
626801341
238340041
1052949790
1033925141
1888244957
1991874758
640270910
1283664908
1286014014
286126589
1945268333
1169869925
71259171
1906795378
1974620990
1078354277
1088629191
1718969411
1321199337
1264225863
2078032001
649743821
1423703212
1346241755
359232184
1192485189
1234117612
1252179426
1662412648
1379102618
1826493289
141730341
1617442659
731959431
1175655483
1358203968
576350541
1815926393
494385228
1862364556
2102052982
292169914
884750833
25828506
51481644
711888176
1104182783
1140110835
283373939
277898473
256853050
213922293
927642294
1680556262
1560164048
1286874478
725557804
993762859
614714169
1233183072
2131364325
1056630811
380943878
1756788275
619666103
1183458879
701145482
257109149
1828850269
156873882
93355035
478635927
407123800
1649904916
938924967
1753829416
1542903598
1441622904
1793339327
661603425
2031339559
1932616230
2109010692
804751065
1007095106
1329317461
1891832069
242845060
175596672
359062590
1476028132
159477349
1415693401
1856972010
1916265625
2035359505
892947242
469927459
144985006
574313863
626801341
238340041
1052949790
1033925141
1888244957
1991874758
640270910
1283664908
1286014014
286126589
1945268333
1169869925
71259171
1906795378
1974620990
1078354277
1088629191
1718969411
1321199337
1264225863
2078032001
649743821
1423703212
1346241755
359232184
1192485189
1234117612
1252179426
1662412648
1379102618
1826493289
141730341
1617442659
731959431
1175655483
1358203968
576350541
1815926393
494385228
1862364556
2102052982
292169914
884750833
25828506
51481644
711888176
1104182783
1140110835
283373939
277898473
256853050
213922293
927642294
1680556262
1560164048
1286874478
725557804
